1.00 10.002J
1.00 1.124J
1.00 16.410
1.00 20.453J
1.00 2.159J
1.00 21W.789
1.00 2.771J
1.00 2.993J
1.00 6.087
1.00 HST.958J
1.010 1.017
1.010 1.151
10.302 10.450
10.302 10.536J
10.302 10.74J
10.302 22.313J
10.302 2.58J
10.302 2.59J
10.32 10.490
10.37 10.34
10.37 10.490
10.37 10.652J
10.37 5.68J
1.040 ESD.018J
10.490 10.491
1.050 1.105
10.537 20.410J
10.537 2.798J
10.537 6.524J
1.060 1.061
1.060 1.77
10.702 10.702CI
10.702 7.02
10.702 7.02CI
11.124 11.129
11.128 14.49
11.129 11.131
11.164 17.391
11.201 11.225
11.201 11.914
11.202 11.203
11.202 11.914
11.203 11.202
11.203 11.942
11.204 11.520
11.204 11.521
11.204 11.522
11.208 11.521
11.220 11.520
11.220 11.521
11.237 SP.660
1.130 18.327
11.307 4.166
1.133 1.782
11.370 11.362
11.401 11.439
11.439 11.967
11.493 11.467J
11.493 17.550J
11.493 4.257J
11.520 11.521
11.520 11.522
11.521 11.522
11.701 11.471
11.943 11.943J
11.943 ESD.935
11.946 11.946J
11.946 4.185J
12.001 12.110
12.001 12.113
12.001 12.163
12.003 12.333
12.005 12.113
12.005 12.520
12.103 12.085
12.108 12.109
12.108 12.114
12.108 12.490
12.109 12.490
12.113 12.114
12.114 12.113
12.409 12.402J
12.409 8.282J
12.510 12.571
12.800 12.802
12.800 12.803
12.800 12.804
12.800 12.810
12.800 12.820
12.800 18.357
12.803 12.804
12.803 12.811
12.803 12.812
12.810 12.811
12.810 12.812
1.361 1.322
1.361 1.364
14.01 11.126J
14.01 11.161J
14.01 11.165
14.01 14.01SC
14.01 14.04
14.01 14.12
14.01 14.20
14.01 14.33
14.01 14.41
14.01 14.43J
14.01 14.44
14.01 14.48J
14.01 14.54
14.01 14.71
14.01 14.74
14.01 15.031J
14.01 21A.341J
14.01 2.964
14.02 14.05
14.02 14.33
14.02 14.54
14.02 14.71
14.03 14.12
14.03 14.27
14.03 14.28
14.03 15.020
14.04 14.12
14.04 14.121
14.04 14.28
14.04 14.471
14.04 14.731
14.04 15.020
14.05 14.71
14.06 14.451
14.06 14.731
14.12 14.15J
14.12 14.27
14.12 6.207J
14.121 14.122
14.121 14.123
14.121 14.127
14.121 14.129
14.121 14.147
14.121 14.282
14.121 14.771
14.122 14.123
14.122 14.461
14.122 14.462
14.122 14.771
14.124 14.147
14.124 14.282
14.126 14.147
14.20 14.27
14.271 14.147
14.28 15.020
14.30 11.126J
14.30 14.15J
14.30 14.27
14.30 14.32
14.30 14.33
14.30 14.48J
14.30 14.74
14.30 6.207J
14.32 14.30
14.32 14.33
14.32 17.871
14.381 14.382
14.382 14.385
14.382 14.386
14.451 14.147
14.451 14.452
14.452 14.147
14.452 14.461
14.452 14.462
14.453 14.147
14.454 14.147
14.461 14.462
14.471 14.472
14.472 14.471
14.475 14.471
14.49 11.128
1.46 1.464
14.771 14.772
15.010 14.28
15.010 15.020
15.010 15.040
15.014 15.012
15.015 15.223
15.020 14.28
15.060 15.761
15.223 15.015
15.277 15.280
15.280 15.277
15.280 15.311
15.280 15.328
15.301 15.310
15.310 15.301
15.311 15.277
15.311 15.280
15.311 15.328
15.347 11.262J
15.347 15.342J
15.347 15.348
15.348 11.262J
15.348 15.342J
15.351 15.912
15.394 15.963
15.401 11.431J
15.401 11.432J
15.401 15.402
15.401 15.426J
15.401 15.427J
15.401 15.450
15.402 15.431
15.414 15.431
15.615 15.616
15.615 15.617
15.616 15.617
15.617 15.616
15.649 15.617
15.660 15.963
15.761 10.816
15.761 1.155
15.761 1.273J
15.761 15.762J
15.761 15.768
15.761 15.769
15.761 16.862
15.761 22.82
15.761 2.963
15.761 3.577
15.761 6.938
15.761 ESD.267J
15.761 ESD.72
15.834 15.963
15.902 15.904
15.970 MAS.966
15.971 MAS.666
15.990 2.626
16.01 16.050
16.06 16.322
16.399 18.996
16.410 16.412J
16.410 6.834J
16.50 16.512
16.522 16.512
16.621 16.622
16.622 16.621
16.652 3.172
16.652 6.901
16.888 ESD.77
1.72 1.34
17.504 17.506
17.547 17.544
17.55 21A.224J
17.554 17.55
17.554 17.55J
17.554 21A.224J
17.554 21A.430J
17.554 21F.084J
17.869 17.871
17.881 18.091
18.01 1.00
18.01 1.017
18.01 10.34
18.01 1.050
18.01 1.060
18.01 12.009
18.01 12.010
18.01 1.204
18.01 12.340
18.01 12.402J
18.01 12.425
18.01 14.01
18.01 14.01SC
18.01 14.30
18.01 16.00
18.01 18.013A
18.01 18.014
18.01 18.01SC
18.01 18.02
18.01 18.022
18.01 18.024
18.01 18.02SC
18.01 18.03
18.01 18.034
18.01 18.03SC
18.01 18.05
18.01 18.062J
18.01 18.330
18.01 2.038J
18.01 3.003
18.01 6.013
18.01 6.042J
18.01 6.055J
18.01 8.01SC
18.01 8.20
18.01 8.21
18.01 8.282J
18.01 ESD.013J
18.014 18.034
18.02 1.017
18.02 10.34
18.02 1.044J
18.02 1.050
18.02 1.060
18.02 12.003
18.02 12.005
18.02 12.010
18.02 12.307
18.02 12.472
18.02 14.04
18.02 14.121
18.02 14.30
18.02 14.381
18.02 15.085J
18.02 18.022
18.02 18.024
18.02 18.02SC
18.02 18.03
18.02 18.034
18.02 18.03SC
18.02 18.06
18.02 18.06SC
18.02 18.085
18.02 18.086
18.02 18.100A
18.02 18.100B
18.02 18.100C
18.02 18.311
18.02 18.314
18.02 18.330
18.02 18.409
18.02 18.440
18.02 18.700
18.02 18.703
18.02 2.001
18.02 20.011J
18.02 2.011
18.02 2.035
18.02 22.02
18.02 2.45J
18.02 3.00
18.02 4.42J
18.02 6.013
18.02 6.041
18.02 6.436J
18.02 8.022
18.02 8.033
18.02 8.03SC
18.02 8.21
18.02 9.520
18.02 9.520-A
18.02 ES.8022
18.02 ESD.013J
18.02 MAS.160
18.022 18.034
18.024 18.014
18.024 18.034
18.03 10.002J
18.03 1.021J
18.03 10.333J
18.03 10.34
18.03 10.450
18.03 1.050
18.03 1.060
18.03 1.061
18.03 12.005
18.03 12.006J
18.03 12.009
18.03 12.086
18.03 12.163
18.03 12.201
18.03 12.517
18.03 12.524
18.03 12.810
18.03 12.842
18.03 16.910J
18.03 16.920J
18.03 18.034
18.03 18.03SC
18.03 18.04
18.03 18.075
18.03 18.085
18.03 18.086
18.03 18.100A
18.03 18.100B
18.03 18.100C
18.03 18.306
18.03 18.311
18.03 18.330
18.03 18.335J
18.03 18.353J
18.03 18.361J
18.03 2.001
18.03 2.003J
18.03 2.004
18.03 20.109
18.03 2.016
18.03 20.309
18.03 20.310J
18.03 20.320
18.03 20.330J
18.03 2.035
18.03 2.050J
18.03 2.096J
18.03 2.097J
18.03 22.00J
18.03 22.058
18.03 2.673J
18.03 2.793J
18.03 2.797J
18.03 2.993J
18.03 3.012
18.03 3.021J
18.03 3.052
18.03 3.053J
18.03 6.002
18.03 6.011
18.03 6.02
18.03 6.023J
18.03 6.024J
18.03 6.336J
18.03 6.337J
18.03 6.339J
18.03 7.343
18.03 8.04
18.03 8.07
18.03 8.962
18.034 18.04
18.034 18.085
18.034 18.086
18.034 18.100A
18.034 18.100B
18.034 18.100C
18.034 18.306
18.034 18.311
18.034 18.335J
18.034 3.012
18.034 6.337J
18.034 8.04
18.04 18.305
18.04 18.306
18.04 18.307
18.04 22.611J
18.04 6.302
18.04 6.651J
18.04 8.613J
18.05 16.37J
18.05 2.852
18.05 6.263J
18.05 6.804J
18.05 9.66J
18.06 10.34
18.06 14.121
18.06 14.27
18.06 16.394J
18.06 16.910J
18.06 16.920J
18.06 18.06CI
18.06 18.06SC
18.06 18.101
18.06 18.102
18.06 18.152
18.06 18.303
18.06 18.330
18.06 18.335J
18.06 18.337J
18.06 18.338J
18.06 18.409
18.06 18.415J
18.06 18.433
18.06 18.704
18.06 18.950
18.06 2.096J
18.06 2.097J
18.06 2.171
18.06 22.02
18.06 6.253
18.06 6.336J
18.06 6.337J
18.06 6.338J
18.06 6.339J
18.06 6.432
18.06 6.453
18.06 6.837
18.06 6.854J
18.06 6.972
18.06 8.05
18.06 8.962
18.075 10.571J
18.075 12.306
18.075 12.510
18.075 12.520
18.075 12.571
18.075 12.806J
18.075 12.815
18.075 12.864
18.075 18.305
18.075 18.306
18.075 18.307
18.075 2.067
18.075 2.25
18.075 22.611J
18.075 2.29
18.075 5.72
18.075 6.651J
18.075 8.613J
18.085 12.510
18.085 12.520
18.085 12.571
18.085 12.864
18.085 1.63
18.085 16.456J
18.085 16.888
18.085 18.086
18.085 2.25
18.085 6.555J
18.085 ESD.77
18.085 HST.582J
18.086 12.864
18.098 6.099
18.101 18.755
18.101 18.965
18.103 18.155
18.112 18.117
18.112 18.305
18.112 18.306
18.112 18.307
18.112 18.785
18.125 18.175
18.125 18.466
18.155 18.156
18.175 18.465
18.303 18.330
18.305 18.366
18.305 18.369
18.327 1.130
18.330 18.336
18.417 9.530
18.433 18.997
18.440 15.075J
18.440 18.443
18.440 ESD.07J
18.700 18.101
18.700 18.102
18.700 18.152
18.700 18.304
18.700 18.335J
18.700 18.415J
18.700 18.433
18.700 18.701
18.700 18.703
18.700 18.704
18.700 18.712
18.700 18.755
18.700 18.950
18.700 6.337J
18.700 6.854J
18.700 6.972
18.701 18.101
18.701 18.102
18.701 18.152
18.701 18.312
18.701 18.318
18.701 18.337J
18.701 18.702
18.701 18.704
18.701 18.705
18.701 18.712
18.701 18.785
18.701 18.905
18.701 18.950
18.701 6.338J
18.702 18.318
18.702 18.705
18.702 18.712
18.702 18.785
18.702 18.786
18.703 18.312
18.703 18.712
18.703 18.905
18.705 18.725
18.705 18.726
18.725 18.726
18.781 18.785
18.781 18.786
18.786 18.785
18.901 18.904
18.901 18.905
18.905 18.726
18.905 18.906
18.905 18.965
18.906 18.917
18.965 18.117
18.965 18.966
18.966 18.969
18.996 16.399
2.001 16.810
2.001 2.002
2.001 2.019
2.001 2.086
2.001 2.092
2.001 2.094
2.001 22.312
2.002 16.810
2.003 2.004
2.003 2.12
2.003 2.161
2.003 6.302
2.004 16.456J
2.004 2.003J
2.004 2.12
2.004 2.161
2.004 2.71
2.004 2.882
2.004 6.555J
2.004 HST.582J
2.008 2.875
2.016 1.015J
2.016 2.017J
2.016 2.019
2.016 2.29
20.180 20.181
20.309 20.380J
20.309 2.673J
20.309 5.22J
2.032 2.003J
20.320 20.330J
20.320 20.380J
20.320 2.793J
20.320 5.22J
20.320 6.023J
20.440 20.450
2.092 2.094
2.094 2.092
2.12 6.832
2.12 6.911
2.14 2.161
2.14 2.171
21F.027 21H.250
21F.027 CMS.874
2.20 2.29
22.05 22.312
22.06 22.312
22.101 22.903
22.312 10.536J
22.312 22.033
22.312 22.313J
22.312 22.39
22.312 2.59J
2.25 11.131
2.25 1.63
2.25 18.094J
2.25 18.357
2.25 18.S996
2.25 1.95J
2.25 21W.732
2.25 2.29
2.25 2.978J
2.25 5.95J
2.25 6.982J
2.25 7.346
2.25 7.59J
2.25 8.395J
2.25 ES.21W732
22.51 22.903
22.615 22.616
24.241 24.244
24.900 21F.024J
24.900 24.901
24.900 24.903
24.900 24.904J
24.900 24.906J
24.900 24.907J
24.900 24.919
24.900 9.56J
24.900 9.57J
24.901 24.910
24.902 24.910
24.902 24.919
24.903 24.910
24.951 24.952
24.954 24.973
24.961 24.962
24.961 24.964
24.962 24.964
24.973 24.954
2.51 10.74J
2.51 2.58J
2.60 10.390J
2.60 10.392J
2.60 16.21
2.60 22.40J
2.60 2.626
2.670 2.722J
2.670 SP.722J
2.71 MAS.531
2.72 2.75
2.75 11.131
2.75 18.094J
2.75 18.S996
2.75 1.95J
2.75 21W.732
2.75 2.978J
2.75 5.95J
2.75 6.982J
2.75 7.346
2.75 7.59J
2.75 8.395J
2.75 ES.21W732
2.96 10.806
2.96 16.653
2.96 6.930
2.996 6.971
3.00 12.109
3.012 20.340J
3.012 22.71J
3.012 3.003
3.012 3.014
3.012 3.044
3.012 3.051J
3.012 3.080
3.012 3.21
3.012 3.40J
3.014 3.012
3.014 3.016
3.014 3.042
3.014 3.080
3.016 1.021J
3.016 10.333J
3.016 18.361J
3.016 20.310J
3.016 22.00J
3.016 2.797J
3.016 3.012
3.016 3.021J
3.016 3.053J
3.016 6.024J
3.032 22.71J
3.032 3.044
3.032 3.40J
3.044 3.21
3.063 3.064
3.11 2.20
3.11 3.052
3.11 5.92
3.15 5.92
3.172 16.652
3.172 6.901
3.185 3.53
3.56 1.814J
3.56 3.560J
3.56 ESD.123J
4.101 4.104
4.341 4.343
4.461 4.430
4.510 4.511
5.111 1.084J
5.111 12.108
5.111 12.842
5.111 20.106J
5.111 20.109
5.111 20.340J
5.111 20.441J
5.111 2.79J
5.111 3.051J
5.111 3.96J
5.111 5.302
5.111 5.35
5.111 8.21
5.111 HST.522J
5.112 1.084J
5.112 12.108
5.112 12.842
5.112 20.106J
5.112 20.109
5.112 20.340J
5.112 20.441J
5.112 2.79J
5.112 3.051J
5.112 3.96J
5.112 5.302
5.112 5.35
5.112 8.21
5.112 HST.522J
5.12 10.569
5.13 10.569
5.13 5.37
5.13 5.43
5.310 5.32
5.311 5.32
5.311 5.33
5.32 5.33
5.36 5.35
5.37 5.35
5.43 5.46
5.60 10.34
5.60 10.40
5.60 10.490
5.60 10.569
5.60 12.340
5.60 20.110J
5.60 20.340J
5.60 20.441J
5.60 2.772J
5.60 2.79J
5.60 3.051J
5.60 3.96J
5.60 5.601J
5.60 HST.522J
5.61 10.571J
5.61 12.306
5.61 12.806J
5.61 12.815
5.62 10.652J
5.62 5.68J
5.73 5.72
5.73 6.007
6.00 20.109
6.00 6.00SC
6.00 6.013
6.00 6.02
6.00 6.087
6.001 18.417
6.001 20.453J
6.001 2.771J
6.001 6.004
6.001 6.090
6.001 6.171
6.001 6.821
6.001 6.844
6.001 HST.958J
6.002 6.004
6.002 6.007
6.002 6.013
6.002 6.061
6.002 6.101
6.002 6.302
6.002 6.884
6.002 ESD.013J
6.003 16.36
6.003 16.456J
6.003 6.011
6.003 6.161
6.003 6.301
6.003 6.302
6.003 6.432
6.003 6.555J
6.003 6.701
6.003 ESD.013J
6.003 HST.582J
6.003 MAS.160
6.004 6.033
6.004 6.111
6.004 6.374
6.004 6.823
6.004 6.828
6.004 6.884
6.004 6.896
6.005 1.204
6.005 21W.789
6.005 6.092
6.005 6.831
6.006 18.410J
6.006 6.046J
6.006 6.047
6.006 6.080
6.006 6.830
6.007 6.701
6.011 6.341
6.011 6.432
6.011 6.450
6.011 6.453
6.011 6.973
6.011 6.976
6.012 3.43J
6.012 6.301
6.012 6.334
6.012 6.374
6.012 6.720J
6.013 6.061
6.013 6.641
6.013 ESD.013J
6.02 6.003
6.02 6.007
6.033 18.437J
6.033 6.805
6.033 6.828
6.033 6.829
6.033 6.830
6.033 6.852J
6.033 6.857
6.033 6.883
6.033 STS.085
6.034 16.412J
6.034 6.803
6.034 6.825
6.034 6.834J
6.034 6.863J
6.034 6.864
6.034 6.871
6.034 6.873J
6.034 9.611J
6.034 HST.947
6.034 HST.951J
6.041 14.12
6.041 14.15J
6.041 15.075J
6.041 15.085J
6.041 15.098
6.041 15.761
6.041 16.322
6.041 16.36
6.041 16.37J
6.041 16.394J
6.041 16.412J
6.041 18.338J
6.041 18.416J
6.041 18.443
6.041 2.852
6.041 6.011
6.041 6.047
6.041 6.207J
6.041 6.231
6.041 6.254
6.041 6.262
6.041 6.263J
6.041 6.432
6.041 6.436J
6.041 6.804J
6.041 6.829
6.041 6.834J
6.041 6.856J
6.041 6.972
6.041 9.66J
6.041 ESD.07J
6.041 ESD.86
6.061 6.691
6.079 6.253
6.101 6.301
6.111 6.973
6.161 6.637
6.170 6.035
6.170 6.171
6.170 6.828
6.189 6.01SC
6.253 6.972
6.301 6.331
6.301 6.776
6.301 6.976
6.302 6.245
6.302 6.331
6.302 6.832
6.341 6.262
6.341 6.976
6.374 6.884
6.432 6.435
6.441 6.450
6.441 6.452
6.450 6.451
6.450 6.452
6.451 6.450
6.451 6.452
6.451 6.895
6.452 6.450
6.630 6.161
6.630 6.977
6.637 6.161
6.641 6.642
6.728 6.763
6.728 6.772
6.805 STS.085
6.823 6.884
6.824 6.829
6.825 16.412J
6.825 6.834J
6.837 6.838
6.867 15.097
6.867 18.465
6.867 6.832
6.872 6.872J
6.875 18.426J
6.875 6.876J
6.875 6.897
6.901 16.652
6.901 3.172
6.901 6.931
6.931 16.652
6.931 3.172
6.931 6.901
7.012 1.084J
7.012 20.106J
7.012 20.109
7.012 20.310J
7.012 20.340J
7.012 20.441J
7.012 2.797J
7.012 2.79J
7.012 3.051J
7.012 3.053J
7.012 3.96J
7.012 6.024J
7.012 7.01SC
7.012 7.69J
7.012 9.18
7.012 HST.522J
7.013 1.084J
7.013 20.106J
7.013 20.109
7.013 20.340J
7.013 20.441J
7.013 2.79J
7.013 3.051J
7.013 3.96J
7.013 7.01SC
7.013 7.69J
7.013 9.18
7.013 HST.522J
7.014 1.084J
7.014 20.106J
7.014 20.109
7.014 20.340J
7.014 20.441J
7.014 2.79J
7.014 3.051J
7.014 3.96J
7.014 7.01SC
7.014 7.391
7.014 7.69J
7.014 9.18
7.014 HST.522J
7.02 10.702
7.02 10.702CI
7.02 7.02CI
7.02 7.06
7.02 7.13
7.02 7.18
7.02 7.391
7.03 7.06
7.03 7.13
7.03 7.18
7.03 7.28
7.03 7.340
7.03 7.341
7.03 7.342
7.03 7.343
7.03 7.344
7.03 7.345
7.03 7.346
7.03 7.347
7.03 7.349
7.06 20.380J
7.06 5.22J
7.06 7.340
7.06 7.341
7.06 7.342
7.06 7.343
7.06 7.344
7.06 7.345
7.06 7.346
7.06 7.347
7.06 7.349
7.06 7.60
7.13 7.18
7.16 7.18
7.28 7.340
7.28 7.342
7.28 7.343
7.28 7.345
7.28 7.346
7.28 7.347
8.01 1.044J
8.01 12.003
8.01 12.010
8.01 12.307
8.01 12.340
8.01 12.402J
8.01 12.425
8.01 16.00
8.01 2.001
8.01 2.003J
8.01 2.004
8.01 2.011
8.01 20.340J
8.01 2.038J
8.01 2.110J
8.01 21M.675
8.01 2.45J
8.01 3.003
8.01 3.051J
8.01 4.42J
8.01 6.013
8.01 6.050J
8.01 6.055J
8.01 6.302
8.01 8.012
8.01 8.01X
8.01 8.02
8.01 8.022
8.01 8.02T
8.01 8.033
8.01 8.09
8.01 8.20
8.01 8.21
8.01 8.282J
8.01 ES.801X
8.01 ES.8022
8.01 ESD.013J
8.012 2.110J
8.012 6.050J
8.012 8.01
8.012 8.02
8.012 8.02T
8.02 12.005
8.02 12.006J
8.02 12.201
8.02 12.517
8.02 18.353J
8.02 18.369
8.02 20.011J
8.02 2.004
8.02 2.016
8.02 20.340J
8.02 2.050J
8.02 22.02
8.02 22.058
8.02 2.71
8.02 3.051J
8.02 6.002
8.02 6.007
8.02 6.013
8.02 6.01SC
8.02 6.302
8.02 8.022
8.02 8.02T
8.02 8.02X
8.02 8.03SC
8.02 8.21
8.02 ES.8022
8.02 ES.802X
8.02 ESD.013J
8.022 12.472
8.022 18.369
8.022 6.007
8.022 ES.8022
8.03 12.524
8.03 22.02
8.03 8.012
8.03 8.03SC
8.03 8.04
8.03 8.07
8.033 8.224
8.033 8.251
8.033 8.286
8.033 8.513
8.04 6.007
8.04 8.05
8.04 8.284
8.04 8.514
8.05 8.06
8.05 8.08
8.05 8.231
8.05 8.251
8.05 8.284
8.05 8.321
8.05 8.513
8.05 8.901
8.06 8.05
8.07 22.611J
8.07 6.651J
8.07 8.311
8.07 8.322
8.07 8.333
8.07 8.613J
8.07 8.962
8.08 8.513
8.08 8.514
8.09 8.012
8.20 8.224
8.21 8.321
8.21 8.513
8.231 8.513
8.321 8.322
8.321 8.323
8.321 8.701
8.322 8.324
8.322 8.701
8.323 8.324
8.323 8.871
8.323 8.952
8.324 8.325
8.324 8.821
8.324 8.851
8.324 8.952
8.325 8.324
8.333 8.334
8.511 8.512
8.701 8.811
8.901 8.902
8.902 8.284
8.952 8.942
9.00 9.65
9.01 7.69J
9.01 9.16
9.01 9.18
9.011 9.16
9.012 9.675
9.04 9.285J
9.04 HST.723J
9.07 6.804J
9.07 9.66J
9.18 7.69J
9.20 9.201
9.520 15.097
9.520 18.465
9.520 9.520-A
9.913 9.913-A
9.916 9.916-A
